Grid size: 1
Correct Tolerance 1
------------------------------------------
Main correct: 26222  size: 26222  main correct/size: 1.0
Also correct: 0  size: 26222  also correct/size: 0.0
Test Error: Accuracy: 100.0%, Avg loss: 0.000000Grid size: 2
Correct Tolerance 1
------------------------------------------
Main correct: 11703  size: 26222  main correct/size: 0.4463046297002517
Also correct: 0  size: 26222  also correct/size: 0.0
Test Error: Accuracy: 44.6%, Avg loss: 1.244558
Predicted: [0]    Actual: 0 True  0.5562636256217957
Predicted: [0]    Actual: 1 False 0.5075430870056152
Predicted: [0]    Actual: 2 False 0.5073007345199585
Predicted: [0]    Actual: 3 False 0.5550293326377869
Edge correct: 1   Size: 4   Edge correct/Size: 0.25

Grid size: 3
Correct Tolerance 1
------------------------------------------
Main correct: 22759  size: 26222  main correct/size: 0.8679353214857753
Also correct: 0  size: 26222  also correct/size: 0.0
Test Error: Accuracy: 86.8%, Avg loss: 0.554048
Predicted: [4]    Actual: 0 False 3.7085142135620117
Predicted: [4]    Actual: 1 False 3.74149227142334
Predicted: [4]    Actual: 2 False 3.8689136505126953
Predicted: [4]    Actual: 3 False 3.6671338081359863
Predicted: [4]    Actual: 4 True  4.102184295654297
Predicted: [4]    Actual: 5 False 3.8909912109375
Predicted: [4]    Actual: 6 False 3.8206534385681152
Predicted: [4]    Actual: 7 False 3.878145694732666
Predicted: [4]    Actual: 8 False 3.759505271911621
Edge correct: 1   Size: 9   Edge correct/Size: 0.1111111111111111

Grid size: 4
Correct Tolerance 2
------------------------------------------
Main correct: 10673  size: 26222  main correct/size: 0.4070246358019983
Also correct: 7776  size: 26222  also correct/size: 0.29654488597360995
Test Error: Accuracy: 70.4%, Avg loss: 1.528745
Predicted: [5, 9] Actual: 0 False 3.7455873489379883
Predicted: [5, 9] Actual: 1 False 3.8411078453063965
Predicted: [5, 9] Actual: 2 False 3.753225803375244
Predicted: [5, 9] Actual: 3 False 3.743955135345459
Predicted: [5, 9] Actual: 4 False 3.7540087699890137
Predicted: [5, 9] Actual: 5 True  3.8020548820495605
Predicted: [5, 9] Actual: 6 False 3.740302085876465
Predicted: [5, 9] Actual: 7 False 3.7694149017333984
Predicted: [5, 9] Actual: 8 False 3.791473865509033
Predicted: [5, 9] Actual: 9 True  3.619969367980957
Predicted: [5, 9] Actual: 10False 3.659457206726074
Predicted: [5, 9] Actual: 11False 3.716348171234131
Predicted: [5, 9] Actual: 12False 3.5970544815063477
Predicted: [5, 9] Actual: 13False 3.679492473602295
Predicted: [5, 9] Actual: 14False 3.771632194519043
Predicted: [5, 9] Actual: 15False 3.569638729095459
Edge correct: 2   Size: 16  Edge correct/Size: 0.125

Grid size: 5
Correct Tolerance 2
------------------------------------------
Main correct: 24528  size: 26222  main correct/size: 0.9353977576081153
Also correct: 651  size: 26222  also correct/size: 0.024826481580352375
Test Error: Accuracy: 96.0%, Avg loss: 0.356755
Predicted: [0, 8] Actual: 0 True  9.231071472167969
Predicted: [22]   Actual: 1 False 14.366058349609375
Predicted: [2, 8] Actual: 2 True  12.099481582641602
Predicted: [8, 14]Actual: 3 False 5.507104396820068
Predicted: [22, 1]Actual: 4 False 5.225997447967529
Predicted: [14, 2]Actual: 5 False 5.512811183929443
Predicted: [6]    Actual: 6 True  51.499305725097656
Predicted: [7]    Actual: 7 True  52.81169509887695
Predicted: [8, 2] Actual: 8 True  11.126925468444824
Predicted: [8, 22]Actual: 9 False 5.545299053192139
Predicted: [8, 7] Actual: 10False 4.089409828186035
Predicted: [11]   Actual: 11True  49.90778732299805
Predicted: [12]   Actual: 12True  40.023860931396484
Predicted: [13]   Actual: 13True  38.263065338134766
Predicted: [14, 2]Actual: 14True  7.726699352264404
Predicted: [11, 8]Actual: 15False 4.041164875030518
Predicted: [8, 2] Actual: 16False 3.7526793479919434
Predicted: [17]   Actual: 17True  46.510162353515625
Predicted: [8, 23]Actual: 18False 4.151543617248535
Predicted: [7, 8] Actual: 19False 4.33295202255249
Predicted: [7]    Actual: 20False 6.530230522155762
Predicted: [22]   Actual: 21False 5.7258453369140625
Predicted: [22]   Actual: 22True  19.385498046875
Predicted: [8, 23]Actual: 23True  6.6211256980896
Predicted: [8, 14]Actual: 24False 4.63007926940918
Edge correct: 12  Size: 25  Edge correct/Size: 0.48

Grid size: 6
Correct Tolerance 3
------------------------------------------
Main correct: 8115  size: 26222  main correct/size: 0.3094729616352681
Also correct: 10323  size: 26222  also correct/size: 0.3936770650598734
Test Error: Accuracy: 70.3%, Avg loss: 1.994514
Predicted: [20, 14]Actual: 0 False 4.498964786529541
Predicted: [20, 14]Actual: 1 False 4.147950649261475
Predicted: [14, 20]Actual: 2 False 4.352218151092529
Predicted: [20, 14]Actual: 3 False 4.187701225280762
Predicted: [20, 14]Actual: 4 False 4.389777660369873
Predicted: [20, 14]Actual: 5 False 4.214212894439697
Predicted: [20, 14]Actual: 6 False 4.642892837524414
Predicted: [20, 14]Actual: 7 False 4.295081615447998
Predicted: [14, 20]Actual: 8 False 4.446660041809082
Predicted: [20, 14]Actual: 9 False 4.3993754386901855
Predicted: [20, 14]Actual: 10False 4.5217204093933105
Predicted: [20, 14]Actual: 11False 4.2987961769104
Predicted: [14, 20]Actual: 12False 4.1864914894104
Predicted: [20, 14]Actual: 13False 4.291352272033691
Predicted: [14, 20]Actual: 14True  5.092362403869629
Predicted: [20, 14]Actual: 15False 4.547383785247803
Predicted: [14, 20]Actual: 16False 4.402731418609619
Predicted: [20, 14]Actual: 17False 4.375716209411621
Predicted: [20, 14]Actual: 18False 4.440492630004883
Predicted: [20, 14]Actual: 19False 4.498355865478516
Predicted: [20, 14]Actual: 20True  5.570323944091797
Predicted: [20, 14]Actual: 21False 4.480072021484375
Predicted: [20, 14]Actual: 22False 4.416028022766113
Predicted: [20, 14]Actual: 23False 4.359573841094971
Predicted: [20, 14]Actual: 24False 4.449206352233887
Predicted: [20, 14]Actual: 25False 4.430976390838623
Predicted: [14, 20]Actual: 26False 4.47202730178833
Predicted: [14, 20]Actual: 27False 4.306952476501465
Predicted: [14, 20]Actual: 28False 4.38869047164917
Predicted: [14, 20]Actual: 29False 4.548304557800293
Predicted: [20, 14]Actual: 30False 4.46708345413208
Predicted: [20, 14]Actual: 31False 4.5784149169921875
Predicted: [20, 14]Actual: 32False 4.2640533447265625
Predicted: [20, 14]Actual: 33False 4.596044063568115
Predicted: [20, 14]Actual: 34False 4.568199634552002
Predicted: [20, 14]Actual: 35False 4.264522075653076
Edge correct: 2   Size: 36  Edge correct/Size: 0.05555555555555555

Grid size: 7
Correct Tolerance 3
------------------------------------------
Main correct: 5213  size: 26222  main correct/size: 0.19880253222484937
Also correct: 7438  size: 26222  also correct/size: 0.28365494622835785
Test Error: Accuracy: 48.2%, Avg loss: 2.495795
Predicted: [23, 17]Actual: 0 False 4.100368976593018
Predicted: [23, 17]Actual: 1 False 4.031895637512207
Predicted: [23, 17]Actual: 2 False 4.18348503112793
Predicted: [23, 17]Actual: 3 False 4.122207164764404
Predicted: [23, 17]Actual: 4 False 4.020416259765625
Predicted: [23, 17]Actual: 5 False 4.041280269622803
Predicted: [23, 17]Actual: 6 False 4.204314231872559
Predicted: [23, 17]Actual: 7 False 4.096524715423584
Predicted: [23, 17]Actual: 8 False 4.290060043334961
Predicted: [23, 17]Actual: 9 False 4.10194206237793
Predicted: [23, 17]Actual: 10False 4.256811618804932
Predicted: [23, 17]Actual: 11False 4.0930070877075195
Predicted: [23, 17]Actual: 12False 4.120486259460449
Predicted: [23, 17]Actual: 13False 4.221197128295898
Predicted: [23, 17]Actual: 14False 4.026599884033203
Predicted: [23, 17]Actual: 15False 4.035400867462158
Predicted: [23, 17]Actual: 16False 4.371694087982178
Predicted: [17, 23]Actual: 17True  4.390720844268799
Predicted: [23, 17]Actual: 18False 4.037951469421387
Predicted: [23, 17]Actual: 19False 4.074777603149414
Predicted: [23, 17]Actual: 20False 4.178556442260742
Predicted: [23, 17]Actual: 21False 4.185564994812012
Predicted: [23, 17]Actual: 22False 3.8939623832702637
Predicted: [23, 17]Actual: 23True  4.41982364654541
Predicted: [23, 17]Actual: 24False 4.218041896820068
Predicted: [23, 17]Actual: 25False 4.277918815612793
Predicted: [23, 17]Actual: 26False 4.153986930847168
Predicted: [23, 17]Actual: 27False 4.016580581665039
Predicted: [23, 17]Actual: 28False 4.033949851989746
Predicted: [23, 17]Actual: 29False 3.987475633621216
Predicted: [23, 17]Actual: 30False 4.37401008605957
Predicted: [23, 17]Actual: 31False 4.209005832672119
Predicted: [23, 17]Actual: 32False 4.041390419006348
Predicted: [23, 17]Actual: 33False 4.1562957763671875
Predicted: [23, 17]Actual: 34False 4.115052700042725
Predicted: [23, 17]Actual: 35False 4.065221786499023
Predicted: [23, 17]Actual: 36False 4.132894515991211
Predicted: [23, 17]Actual: 37False 4.074254035949707
Predicted: [23, 17]Actual: 38False 4.0882182121276855
Predicted: [23, 17]Actual: 39False 4.220856666564941
Predicted: [23, 17]Actual: 40False 4.243063926696777
Predicted: [23, 17]Actual: 41False 3.977238655090332
Predicted: [23, 17]Actual: 42False 4.338246822357178
Predicted: [23, 17]Actual: 43False 3.905898332595825
Predicted: [23, 17]Actual: 44False 4.203191757202148
Predicted: [23, 17]Actual: 45False 4.0478010177612305
Predicted: [23, 17]Actual: 46False 4.066103935241699
Predicted: [23, 17]Actual: 47False 4.220083236694336
Predicted: [23, 17]Actual: 48False 4.202264785766602
Edge correct: 2   Size: 49  Edge correct/Size: 0.04081632653061224

Grid size: 8
Correct Tolerance 4
------------------------------------------
Main correct: 2958  size: 26222  main correct/size: 0.11280604072915872
Also correct: 7962  size: 26222  also correct/size: 0.3036381664251392
Test Error: Accuracy: 41.6%, Avg loss: 2.868768
Predicted: [19, 35]Actual: 0 False 3.8213050365448
Predicted: [19, 35]Actual: 1 False 3.749281644821167
Predicted: [19, 35]Actual: 2 False 3.7234537601470947
Predicted: [19, 35]Actual: 3 False 3.679551601409912
Predicted: [19, 35]Actual: 4 False 3.6037845611572266
Predicted: [19, 35]Actual: 5 False 3.8067121505737305
Predicted: [19, 35]Actual: 6 False 3.7500863075256348
Predicted: [19, 35]Actual: 7 False 3.828258991241455
Predicted: [19, 35]Actual: 8 False 3.8131167888641357
Predicted: [19, 35]Actual: 9 False 3.733299732208252
Predicted: [19, 35]Actual: 10False 3.6939287185668945
Predicted: [19, 35]Actual: 11False 3.830155849456787
Predicted: [19, 35]Actual: 12False 3.687073230743408
Predicted: [19, 35]Actual: 13False 3.6920018196105957
Predicted: [19, 35]Actual: 14False 3.703021764755249
Predicted: [19, 35]Actual: 15False 3.8217318058013916
Predicted: [19, 35]Actual: 16False 3.6784040927886963
Predicted: [19, 35]Actual: 17False 3.9794816970825195
Predicted: [19, 35]Actual: 18False 3.826411485671997
Predicted: [19, 35]Actual: 19True  3.8285439014434814
Predicted: [19, 35]Actual: 20False 4.0984721183776855
Predicted: [19, 34]Actual: 21False 3.7502939701080322
Predicted: [19, 35]Actual: 22False 3.715970993041992
Predicted: [19, 35]Actual: 23False 3.8396363258361816
Predicted: [19, 35]Actual: 24False 3.771625518798828
Predicted: [19, 35]Actual: 25False 3.6844701766967773
Predicted: [19, 35]Actual: 26False 3.8600223064422607
Predicted: [19, 27]Actual: 27True  4.096321105957031
Predicted: [19, 35]Actual: 28False 3.793593406677246
Predicted: [19, 35]Actual: 29False 3.766065835952759
Predicted: [19, 34]Actual: 30False 3.767296552658081
Predicted: [19, 35]Actual: 31False 3.7482872009277344
Predicted: [19, 35]Actual: 32False 3.8093559741973877
Predicted: [19, 35]Actual: 33False 3.68891978263855
Predicted: [19, 34]Actual: 34True  4.006274223327637
Predicted: [19, 35]Actual: 35True  3.8973474502563477
Predicted: [19, 35]Actual: 36False 3.9070024490356445
Predicted: [19, 35]Actual: 37False 3.8089795112609863
Predicted: [19, 35]Actual: 38False 3.6574864387512207
Predicted: [19, 35]Actual: 39False 3.7478339672088623
Predicted: [19, 35]Actual: 40False 3.729203701019287
Predicted: [19, 35]Actual: 41False 3.875725269317627
Predicted: [19, 35]Actual: 42False 3.807619571685791
Predicted: [19, 35]Actual: 43False 3.956533908843994
Predicted: [19, 35]Actual: 44False 3.713747262954712
Predicted: [19, 35]Actual: 45False 3.7824392318725586
Predicted: [19, 35]Actual: 46False 3.76096773147583
Predicted: [19, 35]Actual: 47False 3.620784044265747
Predicted: [19, 35]Actual: 48False 3.6159374713897705
Predicted: [19, 35]Actual: 49False 3.737966775894165
Predicted: [19, 35]Actual: 50False 3.6952826976776123
Predicted: [19, 35]Actual: 51False 3.6574363708496094
Predicted: [19, 35]Actual: 52False 3.833360433578491
Predicted: [19, 35]Actual: 53False 3.709662437438965
Predicted: [19, 35]Actual: 54False 3.5241146087646484
Predicted: [19, 35]Actual: 55False 3.8755195140838623
Predicted: [19, 35]Actual: 56False 3.747737169265747
Predicted: [19, 35]Actual: 57False 3.6590967178344727
Predicted: [19, 35]Actual: 58False 3.8139686584472656
Predicted: [19, 35]Actual: 59False 3.8666775226593018
Predicted: [19, 35]Actual: 60False 3.818035125732422
Predicted: [19, 35]Actual: 61False 3.8236799240112305
Predicted: [19, 35]Actual: 62False 3.761141061782837
Predicted: [19, 35]Actual: 63False 3.7752602100372314
Edge correct: 4   Size: 64  Edge correct/Size: 0.0625

Grid size: 9
Correct Tolerance 4
------------------------------------------
Main correct: 5402  size: 26222  main correct/size: 0.20601022042559683
Also correct: 7987  size: 26222  also correct/size: 0.304591564335291
Test Error: Accuracy: 51.1%, Avg loss: 2.855464
Predicted: [48, 30]Actual: 0 False 4.487390518188477
Predicted: [48, 30]Actual: 1 False 4.7695512771606445
Predicted: [48, 30]Actual: 2 False 4.5759382247924805
Predicted: [48, 30]Actual: 3 False 4.594748497009277
Predicted: [48, 30]Actual: 4 False 4.604455947875977
Predicted: [48, 30]Actual: 5 False 4.565188407897949
Predicted: [48, 30]Actual: 6 False 4.8003692626953125
Predicted: [48, 30]Actual: 7 False 4.691317558288574
Predicted: [48, 30]Actual: 8 False 4.682354927062988
Predicted: [48, 30]Actual: 9 False 4.535703182220459
Predicted: [48, 30]Actual: 10False 4.551849365234375
Predicted: [48, 30]Actual: 11False 4.614753246307373
Predicted: [48, 30]Actual: 12False 4.812150955200195
Predicted: [48, 30]Actual: 13False 4.847887992858887
Predicted: [48, 30]Actual: 14False 4.748311996459961
Predicted: [48, 30]Actual: 15False 4.617636680603027
Predicted: [48, 30]Actual: 16False 4.711389541625977
Predicted: [48, 30]Actual: 17False 4.736944198608398
Predicted: [48, 30]Actual: 18False 4.444573402404785
Predicted: [48, 30]Actual: 19False 4.518367767333984
Predicted: [48, 30]Actual: 20False 4.617641448974609
Predicted: [48, 30]Actual: 21False 4.598507881164551
Predicted: [48, 30]Actual: 22False 4.767459869384766
Predicted: [48, 30]Actual: 23False 4.562518119812012
Predicted: [48, 30]Actual: 24False 4.607203960418701
Predicted: [48, 30]Actual: 25False 4.579400539398193
Predicted: [48, 30]Actual: 26False 4.568413734436035
Predicted: [48, 30]Actual: 27False 4.651515960693359
Predicted: [48, 30]Actual: 28False 4.541735649108887
Predicted: [48, 30]Actual: 29False 4.546525955200195
Predicted: [48, 30]Actual: 30True  4.839106559753418
Predicted: [48, 30]Actual: 31False 4.739150047302246
Predicted: [48, 30]Actual: 32False 4.652318477630615
Predicted: [48, 30]Actual: 33False 4.691429138183594
Predicted: [48, 30]Actual: 34False 4.622257232666016
Predicted: [48, 30]Actual: 35False 4.652826309204102
Predicted: [48, 30]Actual: 36False 4.650552749633789
Predicted: [48, 30]Actual: 37False 4.563042640686035
Predicted: [48, 30]Actual: 38False 4.684703350067139
Predicted: [48, 30]Actual: 39False 4.845822334289551
Predicted: [48, 30]Actual: 40False 4.619944095611572
Predicted: [48, 30]Actual: 41False 4.617764472961426
Predicted: [48, 30]Actual: 42False 4.738912582397461
Predicted: [48, 30]Actual: 43False 4.751140594482422
Predicted: [48, 30]Actual: 44False 4.74086856842041
Predicted: [48, 30]Actual: 45False 4.687690734863281
Predicted: [48, 30]Actual: 46False 4.484619617462158
Predicted: [48, 30]Actual: 47False 4.73484992980957
Predicted: [48, 30]Actual: 48True  5.285641670227051
Predicted: [48, 30]Actual: 49False 4.670126438140869
Predicted: [48, 30]Actual: 50False 4.712458610534668
Predicted: [48, 30]Actual: 51False 4.69832706451416
Predicted: [48, 30]Actual: 52False 4.803045272827148
Predicted: [48, 30]Actual: 53False 4.685257911682129
Predicted: [48, 30]Actual: 54False 4.732194900512695
Predicted: [48, 30]Actual: 55False 4.7172698974609375
Predicted: [48, 30]Actual: 56False 4.673036575317383
Predicted: [48, 30]Actual: 57False 4.728768348693848
Predicted: [48, 30]Actual: 58False 4.8658246994018555
Predicted: [48, 30]Actual: 59False 4.728879928588867
Predicted: [48, 30]Actual: 60False 4.755495071411133
Predicted: [48, 30]Actual: 61False 4.656201362609863
Predicted: [48, 30]Actual: 62False 4.805567741394043
Predicted: [48, 30]Actual: 63False 4.592758655548096
Predicted: [48, 30]Actual: 64False 4.6304755210876465
Predicted: [48, 30]Actual: 65False 4.8577775955200195
Predicted: [48, 30]Actual: 66False 4.773188591003418
Predicted: [48, 30]Actual: 67False 4.6940765380859375
Predicted: [48, 30]Actual: 68False 4.682127952575684
Predicted: [48, 30]Actual: 69False 4.849641799926758
Predicted: [48, 30]Actual: 70False 4.677964210510254
Predicted: [48, 30]Actual: 71False 4.698198318481445
Predicted: [48, 30]Actual: 72False 4.8062334060668945
Predicted: [48, 30]Actual: 73False 4.663069725036621
Predicted: [48, 30]Actual: 74False 4.863982200622559
Predicted: [48, 30]Actual: 75False 4.750615119934082
Predicted: [48, 30]Actual: 76False 4.586591720581055
Predicted: [48, 30]Actual: 77False 4.778877258300781
Predicted: [48, 30]Actual: 78False 4.82363224029541
Predicted: [48, 30]Actual: 79False 4.537973403930664
Predicted: [48, 30]Actual: 80False 4.595686435699463
Edge correct: 2   Size: 81  Edge correct/Size: 0.024691358024691357

Grid size: 10
Correct Tolerance 5
------------------------------------------
Main correct: 5023  size: 26222  main correct/size: 0.19155670810769582
Also correct: 7777  size: 26222  also correct/size: 0.296583021890016
Test Error: Accuracy: 48.8%, Avg loss: 3.092374
Predicted: [53, 43]Actual: 0 False 4.72144079208374
Predicted: [53, 43]Actual: 1 False 4.779254913330078
Predicted: [53, 43]Actual: 2 False 4.738828659057617
Predicted: [53, 43]Actual: 3 False 4.674044609069824
Predicted: [53, 43]Actual: 4 False 4.727248191833496
Predicted: [53, 43]Actual: 5 False 4.792239189147949
Predicted: [53, 43]Actual: 6 False 4.67937707901001
Predicted: [53, 43]Actual: 7 False 4.725469589233398
Predicted: [53, 43]Actual: 8 False 4.7559099197387695
Predicted: [53, 43]Actual: 9 False 4.744807720184326
Predicted: [53, 43]Actual: 10False 4.758957386016846
Predicted: [53, 43]Actual: 11False 4.656606197357178
Predicted: [53, 43]Actual: 12False 4.6647443771362305
Predicted: [53, 43]Actual: 13False 4.991466999053955
Predicted: [53, 43]Actual: 14False 4.57437801361084
Predicted: [53, 43]Actual: 15False 4.800087928771973
Predicted: [53, 43]Actual: 16False 4.718567848205566
Predicted: [53, 43]Actual: 17False 4.790081024169922
Predicted: [53, 43]Actual: 18False 4.71542501449585
Predicted: [53, 43]Actual: 19False 4.759243011474609
Predicted: [53, 43]Actual: 20False 4.813168525695801
Predicted: [53, 43]Actual: 21False 4.8093695640563965
Predicted: [53, 43]Actual: 22False 4.853540897369385
Predicted: [53, 43]Actual: 23False 4.749715328216553
Predicted: [53, 43]Actual: 24False 4.922089576721191
Predicted: [53, 43]Actual: 25False 4.8130202293396
Predicted: [53, 43]Actual: 26False 4.957369804382324
Predicted: [53, 43]Actual: 27False 4.694257736206055
Predicted: [53, 43]Actual: 28False 4.785487651824951
Predicted: [53, 43]Actual: 29False 4.8451762199401855
Predicted: [53, 43]Actual: 30False 4.67100715637207
Predicted: [53, 43]Actual: 31False 4.751965522766113
Predicted: [53, 43]Actual: 32False 4.829291820526123
Predicted: [53, 43]Actual: 33False 4.706323623657227
Predicted: [53, 43]Actual: 34False 4.967052936553955
Predicted: [53, 43]Actual: 35False 4.948582172393799
Predicted: [53, 43]Actual: 36False 4.788639545440674
Predicted: [53, 43]Actual: 37False 4.879673004150391
Predicted: [53, 43]Actual: 38False 4.911044597625732
Predicted: [53, 43]Actual: 39False 4.753481864929199
Predicted: [53, 43]Actual: 40False 4.744731903076172
Predicted: [53, 43]Actual: 41False 4.717657566070557
Predicted: [53, 43]Actual: 42False 4.6977620124816895
Predicted: [53, 43]Actual: 43True  5.012683391571045
Predicted: [53, 43]Actual: 44False 4.9236907958984375
Predicted: [53, 43]Actual: 45False 4.856112003326416
Predicted: [53, 43]Actual: 46False 4.725651741027832
Predicted: [53, 43]Actual: 47False 4.775816917419434
Predicted: [53, 43]Actual: 48False 4.710277080535889
Predicted: [53, 43]Actual: 49False 4.78352165222168
Predicted: [53, 43]Actual: 50False 4.685802459716797
Predicted: [53, 43]Actual: 51False 4.848796367645264
Predicted: [53, 43]Actual: 52False 4.720523834228516
Predicted: [53, 43]Actual: 53True  5.333339214324951
Predicted: [53, 43]Actual: 54False 4.928171634674072
Predicted: [53, 43]Actual: 55False 4.868668556213379
Predicted: [53, 43]Actual: 56False 4.75389289855957
Predicted: [53, 43]Actual: 57False 4.822372913360596
Predicted: [53, 43]Actual: 58False 4.861446380615234
Predicted: [53, 43]Actual: 59False 4.805878639221191
Predicted: [53, 43]Actual: 60False 4.756002902984619
Predicted: [53, 43]Actual: 61False 4.8104567527771
Predicted: [53, 43]Actual: 62False 4.771129131317139
Predicted: [53, 43]Actual: 63False 4.8210272789001465
Predicted: [53, 43]Actual: 64False 4.788636207580566
Predicted: [53, 43]Actual: 65False 4.884186744689941
Predicted: [53, 43]Actual: 66False 4.825883388519287
Predicted: [53, 43]Actual: 67False 4.667602062225342
Predicted: [53, 43]Actual: 68False 4.681911945343018
Predicted: [53, 43]Actual: 69False 4.8046770095825195
Predicted: [53, 43]Actual: 70False 4.831886291503906
Predicted: [53, 43]Actual: 71False 4.808016300201416
Predicted: [53, 43]Actual: 72False 4.779932975769043
Predicted: [53, 43]Actual: 73False 4.778781890869141
Predicted: [53, 43]Actual: 74False 4.818047046661377
Predicted: [53, 43]Actual: 75False 4.914981365203857
Predicted: [53, 43]Actual: 76False 4.74365758895874
Predicted: [53, 43]Actual: 77False 4.749490261077881
Predicted: [53, 43]Actual: 78False 4.751142978668213
Predicted: [53, 43]Actual: 79False 4.880476951599121
Predicted: [53, 43]Actual: 80False 4.580734729766846
Predicted: [53, 43]Actual: 81False 4.771641731262207
Predicted: [53, 43]Actual: 82False 4.77267599105835
Predicted: [53, 43]Actual: 83False 4.759700298309326
Predicted: [53, 43]Actual: 84False 4.851385116577148
Predicted: [53, 43]Actual: 85False 4.794632911682129
Predicted: [53, 43]Actual: 86False 4.636246681213379
Predicted: [53, 43]Actual: 87False 4.582194805145264
Predicted: [53, 43]Actual: 88False 4.746393203735352
Predicted: [53, 43]Actual: 89False 4.77136754989624
Predicted: [53, 43]Actual: 90False 4.829834461212158
Predicted: [53, 43]Actual: 91False 4.779487133026123
Predicted: [53, 43]Actual: 92False 4.754608154296875
Predicted: [53, 43]Actual: 93False 4.771151542663574
Predicted: [53, 43]Actual: 94False 4.818199634552002
Predicted: [53, 43]Actual: 95False 4.866112232208252
Predicted: [53, 43]Actual: 96False 4.99362850189209
Predicted: [53, 43]Actual: 97False 4.833024978637695
Predicted: [53, 43]Actual: 98False 4.844356060028076
Predicted: [53, 43]Actual: 99False 4.8346757888793945
Edge correct: 2   Size: 100 Edge correct/Size: 0.02

Grid size: 11
Correct Tolerance 5
------------------------------------------
Main correct: 3114  size: 26222  main correct/size: 0.11875524368850583
Also correct: 7132  size: 26222  also correct/size: 0.27198535580810007
Test Error: Accuracy: 39.1%, Avg loss: 3.432588
Predicted: [70, 58]Actual: 0 False 4.0691328048706055
Predicted: [70, 58]Actual: 1 False 4.128618240356445
Predicted: [70, 58]Actual: 2 False 4.2597784996032715
Predicted: [70, 58]Actual: 3 False 4.285516738891602
Predicted: [70, 58]Actual: 4 False 4.2819976806640625
Predicted: [70, 58]Actual: 5 False 4.238095760345459
Predicted: [70, 58]Actual: 6 False 4.193414688110352
Predicted: [70, 58]Actual: 7 False 4.229556560516357
Predicted: [70, 58]Actual: 8 False 4.187505722045898
Predicted: [70, 58]Actual: 9 False 4.209118843078613
Predicted: [70, 58]Actual: 10False 4.159852504730225
Predicted: [70, 58]Actual: 11False 4.132607460021973
Predicted: [70, 58]Actual: 12False 4.177450180053711
Predicted: [70, 58]Actual: 13False 4.135646820068359
Predicted: [70, 58]Actual: 14False 4.213981628417969
Predicted: [70, 58]Actual: 15False 4.19738245010376
Predicted: [70, 58]Actual: 16False 4.179020404815674
Predicted: [70, 58]Actual: 17False 4.170042514801025
Predicted: [70, 58]Actual: 18False 4.093956470489502
Predicted: [70, 58]Actual: 19False 4.188230514526367
Predicted: [70, 58]Actual: 20False 4.167512893676758
Predicted: [70, 58]Actual: 21False 4.256700038909912
Predicted: [70, 58]Actual: 22False 4.165896892547607
Predicted: [70, 58]Actual: 23False 4.178842544555664
Predicted: [70, 58]Actual: 24False 4.053420066833496
Predicted: [70, 58]Actual: 25False 4.238116264343262
Predicted: [70, 58]Actual: 26False 4.308164596557617
Predicted: [70, 58]Actual: 27False 4.144309043884277
Predicted: [70, 58]Actual: 28False 4.283545017242432
Predicted: [70, 58]Actual: 29False 4.232618808746338
Predicted: [70, 58]Actual: 30False 4.172322750091553
Predicted: [70, 58]Actual: 31False 4.282680988311768
Predicted: [70, 58]Actual: 32False 4.197862148284912
Predicted: [70, 58]Actual: 33False 4.172598838806152
Predicted: [70, 58]Actual: 34False 4.2337775230407715
Predicted: [70, 58]Actual: 35False 4.176591873168945
Predicted: [70, 58]Actual: 36False 4.229534149169922
Predicted: [70, 58]Actual: 37False 4.239924430847168
Predicted: [70, 58]Actual: 38False 4.372040748596191
Predicted: [70, 58]Actual: 39False 4.173353672027588
Predicted: [70, 58]Actual: 40False 4.204381942749023
Predicted: [70, 58]Actual: 41False 4.108325004577637
Predicted: [70, 58]Actual: 42False 4.250429153442383
Predicted: [70, 58]Actual: 43False 4.102264404296875
Predicted: [70, 58]Actual: 44False 4.145272731781006
Predicted: [70, 58]Actual: 45False 4.142998695373535
Predicted: [70, 58]Actual: 46False 4.186303615570068
Predicted: [70, 58]Actual: 47False 4.288520336151123
Predicted: [70, 58]Actual: 48False 4.317805290222168
Predicted: [70, 58]Actual: 49False 4.271838188171387
Predicted: [70, 58]Actual: 50False 4.1809892654418945
Predicted: [70, 58]Actual: 51False 4.172223091125488
Predicted: [70, 58]Actual: 52False 4.257105827331543
Predicted: [70, 58]Actual: 53False 4.325181484222412
Predicted: [70, 58]Actual: 54False 4.116278171539307
Predicted: [70, 58]Actual: 55False 4.097779273986816
Predicted: [70, 58]Actual: 56False 4.228048324584961
Predicted: [70, 58]Actual: 57False 4.108978271484375
Predicted: [70, 58]Actual: 58True  4.390829563140869
Predicted: [70, 58]Actual: 59False 4.296316623687744
Predicted: [70, 58]Actual: 60False 4.212348937988281
Predicted: [70, 58]Actual: 61False 4.327483177185059
Predicted: [70, 58]Actual: 62False 4.143555641174316
Predicted: [70, 58]Actual: 63False 4.246401786804199
Predicted: [70, 58]Actual: 64False 4.2025933265686035
Predicted: [70, 58]Actual: 65False 4.1523027420043945
Predicted: [70, 58]Actual: 66False 4.20684289932251
Predicted: [70, 58]Actual: 67False 4.116752624511719
Predicted: [70, 58]Actual: 68False 4.10321044921875
Predicted: [70, 58]Actual: 69False 4.2458672523498535
Predicted: [70, 58]Actual: 70True  4.484341144561768
Predicted: [70, 58]Actual: 71False 4.186727523803711
Predicted: [70, 58]Actual: 72False 4.294297695159912
Predicted: [70, 58]Actual: 73False 4.2327880859375
Predicted: [70, 58]Actual: 74False 4.27989387512207
Predicted: [70, 58]Actual: 75False 4.167969703674316
Predicted: [70, 58]Actual: 76False 4.284672737121582
Predicted: [70, 58]Actual: 77False 4.109631061553955
Predicted: [70, 58]Actual: 78False 4.171445369720459
Predicted: [70, 58]Actual: 79False 4.201140880584717
Predicted: [70, 58]Actual: 80False 4.137192726135254
Predicted: [70, 58]Actual: 81False 4.23087215423584
Predicted: [70, 58]Actual: 82False 4.228299617767334
Predicted: [70, 58]Actual: 83False 4.148821830749512
Predicted: [70, 58]Actual: 84False 4.214293003082275
Predicted: [70, 58]Actual: 85False 4.291050910949707
Predicted: [70, 58]Actual: 86False 4.222421169281006
Predicted: [70, 58]Actual: 87False 4.166778564453125
Predicted: [70, 58]Actual: 88False 4.163140773773193
Predicted: [70, 58]Actual: 89False 4.243175506591797
Predicted: [70, 58]Actual: 90False 4.151180267333984
Predicted: [70, 58]Actual: 91False 4.167110443115234
Predicted: [70, 58]Actual: 92False 4.240049362182617
Predicted: [70, 58]Actual: 93False 4.281407356262207
Predicted: [70, 58]Actual: 94False 4.172414779663086
Predicted: [70, 58]Actual: 95False 4.290098667144775
Predicted: [70, 58]Actual: 96False 4.216553211212158
Predicted: [70, 58]Actual: 97False 4.217647075653076
Predicted: [70, 58]Actual: 98False 4.147739887237549
Predicted: [70, 58]Actual: 99False 4.233929634094238
Predicted: [70, 58]Actual: 100False 4.153772830963135
Predicted: [70, 58]Actual: 101False 4.251947402954102
Predicted: [70, 58]Actual: 102False 4.142036437988281
Predicted: [70, 58]Actual: 103False 4.285992622375488
Predicted: [70, 58]Actual: 104False 4.187653541564941
Predicted: [70, 58]Actual: 105False 4.116669654846191
Predicted: [70, 58]Actual: 106False 4.2107768058776855
Predicted: [70, 58]Actual: 107False 4.268295764923096
Predicted: [70, 58]Actual: 108False 4.261438846588135
Predicted: [70, 58]Actual: 109False 4.096529006958008
Predicted: [70, 58]Actual: 110False 4.12930965423584
Predicted: [70, 58]Actual: 111False 4.207241535186768
Predicted: [70, 58]Actual: 112False 4.192989349365234
Predicted: [70, 58]Actual: 113False 4.185596942901611
Predicted: [70, 58]Actual: 114False 4.185932159423828
Predicted: [70, 58]Actual: 115False 4.168159008026123
Predicted: [70, 58]Actual: 116False 4.275023937225342
Predicted: [70, 58]Actual: 117False 4.232306957244873
Predicted: [70, 58]Actual: 118False 4.254456043243408
Predicted: [70, 58]Actual: 119False 4.207242965698242
Predicted: [70, 58]Actual: 120False 4.16356086730957
Edge correct: 2   Size: 121 Edge correct/Size: 0.01652892561983471

Grid size: 12
Correct Tolerance 6
------------------------------------------
Main correct: 2702  size: 26222  main correct/size: 0.10304324612920449
Also correct: 7839  size: 26222  also correct/size: 0.2989474487071924
Test Error: Accuracy: 40.2%, Avg loss: 3.553079
Predicted: [76, 88]Actual: 0 False 4.387171268463135
Predicted: [76, 88]Actual: 1 False 4.463130950927734
Predicted: [76, 88]Actual: 2 False 4.455425262451172
Predicted: [76, 88]Actual: 3 False 4.372159004211426
Predicted: [76, 88]Actual: 4 False 4.41378927230835
Predicted: [76, 88]Actual: 5 False 4.382451057434082
Predicted: [76, 88]Actual: 6 False 4.327000141143799
Predicted: [76, 88]Actual: 7 False 4.414648056030273
Predicted: [76, 88]Actual: 8 False 4.402102470397949
Predicted: [76, 88]Actual: 9 False 4.4693522453308105
Predicted: [76, 88]Actual: 10False 4.349331378936768
Predicted: [76, 88]Actual: 11False 4.468134880065918
Predicted: [76, 88]Actual: 12False 4.558190822601318
Predicted: [76, 88]Actual: 13False 4.443349838256836
Predicted: [76, 88]Actual: 14False 4.330766201019287
Predicted: [76, 88]Actual: 15False 4.423727989196777
Predicted: [76, 88]Actual: 16False 4.412944316864014
Predicted: [76, 88]Actual: 17False 4.410326957702637
Predicted: [76, 88]Actual: 18False 4.354824066162109
Predicted: [76, 88]Actual: 19False 4.40717887878418
Predicted: [76, 88]Actual: 20False 4.4711012840271
Predicted: [76, 88]Actual: 21False 4.519436359405518
Predicted: [76, 88]Actual: 22False 4.360292911529541
Predicted: [76, 88]Actual: 23False 4.392192840576172
Predicted: [76, 88]Actual: 24False 4.286052703857422
Predicted: [76, 88]Actual: 25False 4.47053861618042
Predicted: [76, 88]Actual: 26False 4.483292579650879
Predicted: [76, 88]Actual: 27False 4.5165252685546875
Predicted: [76, 88]Actual: 28False 4.53481388092041
Predicted: [76, 88]Actual: 29False 4.447390079498291
Predicted: [76, 88]Actual: 30False 4.4115376472473145
Predicted: [76, 88]Actual: 31False 4.363743305206299
Predicted: [76, 88]Actual: 32False 4.390711307525635
Predicted: [76, 88]Actual: 33False 4.391890525817871
Predicted: [76, 88]Actual: 34False 4.456413745880127
Predicted: [76, 88]Actual: 35False 4.464667797088623
Predicted: [76, 88]Actual: 36False 4.463274955749512
Predicted: [76, 88]Actual: 37False 4.444907188415527
Predicted: [76, 88]Actual: 38False 4.44322395324707
Predicted: [76, 88]Actual: 39False 4.397694110870361
Predicted: [76, 88]Actual: 40False 4.358806610107422
Predicted: [76, 88]Actual: 41False 4.571737289428711
Predicted: [76, 88]Actual: 42False 4.509500503540039
Predicted: [76, 88]Actual: 43False 4.421345233917236
Predicted: [76, 88]Actual: 44False 4.3901896476745605
Predicted: [76, 88]Actual: 45False 4.3852763175964355
Predicted: [76, 88]Actual: 46False 4.416698455810547
Predicted: [76, 88]Actual: 47False 4.4790730476379395
Predicted: [76, 88]Actual: 48False 4.346670150756836
Predicted: [76, 88]Actual: 49False 4.380810260772705
Predicted: [76, 88]Actual: 50False 4.448357582092285
Predicted: [76, 88]Actual: 51False 4.342911243438721
Predicted: [76, 88]Actual: 52False 4.5997843742370605
Predicted: [76, 88]Actual: 53False 4.577151775360107
Predicted: [76, 88]Actual: 54False 4.4437408447265625
Predicted: [76, 88]Actual: 55False 4.352088451385498
Predicted: [76, 88]Actual: 56False 4.379764556884766
Predicted: [76, 88]Actual: 57False 4.397758483886719
Predicted: [76, 88]Actual: 58False 4.39968204498291
Predicted: [76, 88]Actual: 59False 4.510836601257324
Predicted: [76, 88]Actual: 60False 4.422889232635498
Predicted: [76, 88]Actual: 61False 4.352245330810547
Predicted: [76, 88]Actual: 62False 4.454009532928467
Predicted: [76, 88]Actual: 63False 4.540574073791504
Predicted: [76, 88]Actual: 64False 4.473071575164795
Predicted: [76, 88]Actual: 65False 4.475367546081543
Predicted: [76, 88]Actual: 66False 4.458593368530273
Predicted: [76, 88]Actual: 67False 4.4295854568481445
Predicted: [76, 88]Actual: 68False 4.3849897384643555
Predicted: [76, 88]Actual: 69False 4.428854465484619
Predicted: [76, 88]Actual: 70False 4.493199825286865
Predicted: [76, 88]Actual: 71False 4.410007953643799
Predicted: [76, 88]Actual: 72False 4.359140396118164
Predicted: [76, 88]Actual: 73False 4.447937488555908
Predicted: [76, 88]Actual: 74False 4.341614246368408
Predicted: [76, 88]Actual: 75False 4.481457233428955
Predicted: [76, 88]Actual: 76True  4.649051666259766
Predicted: [76, 88]Actual: 77False 4.473367214202881
Predicted: [76, 88]Actual: 78False 4.4749836921691895
Predicted: [76, 88]Actual: 79False 4.477975368499756
Predicted: [76, 88]Actual: 80False 4.436112880706787
Predicted: [76, 88]Actual: 81False 4.4497246742248535
Predicted: [76, 88]Actual: 82False 4.3954668045043945
Predicted: [76, 88]Actual: 83False 4.403318405151367
Predicted: [76, 88]Actual: 84False 4.40559720993042
Predicted: [76, 88]Actual: 85False 4.434105396270752
Predicted: [76, 88]Actual: 86False 4.2918620109558105
Predicted: [76, 88]Actual: 87False 4.370997428894043
Predicted: [76, 88]Actual: 88True  4.571787357330322
Predicted: [76, 88]Actual: 89False 4.40776252746582
Predicted: [76, 88]Actual: 90False 4.348644733428955
Predicted: [76, 88]Actual: 91False 4.351118564605713
Predicted: [76, 88]Actual: 92False 4.401371002197266
Predicted: [76, 88]Actual: 93False 4.422341823577881
Predicted: [76, 88]Actual: 94False 4.47416877746582
Predicted: [76, 88]Actual: 95False 4.358550071716309
Predicted: [76, 88]Actual: 96False 4.516619682312012
Predicted: [76, 88]Actual: 97False 4.3590006828308105
Predicted: [76, 88]Actual: 98False 4.413008213043213
Predicted: [76, 88]Actual: 99False 4.481778144836426
Predicted: [76, 88]Actual: 100False 4.416565895080566
Predicted: [76, 88]Actual: 101False 4.504652500152588
Predicted: [76, 88]Actual: 102False 4.476644992828369
Predicted: [76, 88]Actual: 103False 4.4882917404174805
Predicted: [76, 88]Actual: 104False 4.40462064743042
Predicted: [76, 88]Actual: 105False 4.382705211639404
Predicted: [76, 88]Actual: 106False 4.420093059539795
Predicted: [76, 88]Actual: 107False 4.438586711883545
Predicted: [76, 88]Actual: 108False 4.514395713806152
Predicted: [76, 88]Actual: 109False 4.536362648010254
Predicted: [76, 88]Actual: 110False 4.422135353088379
Predicted: [76, 88]Actual: 111False 4.359355926513672
Predicted: [76, 88]Actual: 112False 4.4035420417785645
Predicted: [76, 88]Actual: 113False 4.476916790008545
Predicted: [76, 88]Actual: 114False 4.533987522125244
Predicted: [76, 88]Actual: 115False 4.384324073791504
Predicted: [76, 88]Actual: 116False 4.301061153411865
Predicted: [76, 88]Actual: 117False 4.38848352432251
Predicted: [76, 88]Actual: 118False 4.452028274536133
Predicted: [76, 88]Actual: 119False 4.358370304107666
Predicted: [76, 88]Actual: 120False 4.413612365722656
Predicted: [76, 88]Actual: 121False 4.3778767585754395
Predicted: [76, 88]Actual: 122False 4.404630184173584
Predicted: [76, 88]Actual: 123False 4.46025276184082
Predicted: [76, 88]Actual: 124False 4.440911769866943
Predicted: [76, 88]Actual: 125False 4.377155780792236
Predicted: [76, 88]Actual: 126False 4.5720014572143555
Predicted: [76, 88]Actual: 127False 4.4542622566223145
Predicted: [76, 88]Actual: 128False 4.369290351867676
Predicted: [76, 88]Actual: 129False 4.350021839141846
Predicted: [76, 88]Actual: 130False 4.607341289520264
Predicted: [76, 88]Actual: 131False 4.363264560699463
Predicted: [76, 88]Actual: 132False 4.45892858505249
Predicted: [76, 88]Actual: 133False 4.269476890563965
Predicted: [76, 88]Actual: 134False 4.420817852020264
Predicted: [76, 88]Actual: 135False 4.400382041931152
Predicted: [76, 88]Actual: 136False 4.288168907165527
Predicted: [76, 88]Actual: 137False 4.392866611480713
Predicted: [76, 88]Actual: 138False 4.412154197692871
Predicted: [76, 88]Actual: 139False 4.398108005523682
Predicted: [76, 88]Actual: 140False 4.398067951202393
Predicted: [76, 88]Actual: 141False 4.449554443359375
Predicted: [76, 88]Actual: 142False 4.436662197113037
Predicted: [76, 88]Actual: 143False 4.375075817108154
Edge correct: 2   Size: 144 Edge correct/Size: 0.013888888888888888

Grid size: 13
Correct Tolerance 6
------------------------------------------
Main correct: 2959  size: 26222  main correct/size: 0.11284417664556479
Also correct: 7581  size: 26222  also correct/size: 0.28910838227442603
Test Error: Accuracy: 40.2%, Avg loss: 3.622063
Predicted: [95, 82]Actual: 0 False 4.767516613006592
Predicted: [95, 82]Actual: 1 False 4.570940017700195
Predicted: [95, 82]Actual: 2 False 4.694775581359863
Predicted: [95, 82]Actual: 3 False 4.640510559082031
Predicted: [95, 82]Actual: 4 False 4.67702579498291
Predicted: [95, 82]Actual: 5 False 4.685835838317871
Predicted: [95, 82]Actual: 6 False 4.617809295654297
Predicted: [95, 82]Actual: 7 False 4.662838935852051
Predicted: [95, 82]Actual: 8 False 4.574286460876465
Predicted: [95, 82]Actual: 9 False 4.610581398010254
Predicted: [95, 82]Actual: 10False 4.624063968658447
Predicted: [95, 82]Actual: 11False 4.631199836730957
Predicted: [95, 82]Actual: 12False 4.653387546539307
Predicted: [95, 82]Actual: 13False 4.607499122619629
Predicted: [95, 82]Actual: 14False 4.785768508911133
Predicted: [95, 82]Actual: 15False 4.656937599182129
Predicted: [95, 82]Actual: 16False 4.575059413909912
Predicted: [95, 82]Actual: 17False 4.639408111572266
Predicted: [95, 82]Actual: 18False 4.59081506729126
Predicted: [95, 82]Actual: 19False 4.681095123291016
Predicted: [95, 82]Actual: 20False 4.6740875244140625
Predicted: [95, 82]Actual: 21False 4.638468265533447
Predicted: [95, 82]Actual: 22False 4.667389392852783
Predicted: [95, 82]Actual: 23False 4.704176902770996
Predicted: [95, 82]Actual: 24False 4.732173919677734
Predicted: [95, 82]Actual: 25False 4.705430030822754
Predicted: [95, 82]Actual: 26False 4.546416759490967
